
 seawifs = [400.0      1.07726   0.00721100  7.50000E-05   0.00316700    0.0196310   0.00395100  0.000266000  0.000371000
 401.0      1.86518   0.00953900  0.000105000   0.00373900    0.0258160   0.00331000  0.000285000  0.000545000
 402.0      2.85979    0.0119440  0.000129000   0.00429400    0.0327360   0.00244000  0.000303000  0.000762000
 403.0      3.88962   0.00834100   0.00166800   0.00361500    0.0307640   0.00227600  0.000545000   0.00875200
 404.0      4.73963   0.00462100   0.00339500   0.00282600    0.0285320   0.00209400  0.000753000    0.0154960
 405.0      5.40069  0.000783000   0.00521400   0.00188700    0.0260340   0.00189400  0.000906000    0.0208650
 406.0      5.95104  0.000398000   0.00730400  0.000888000    0.0233200   0.00168100   0.00101000    0.0247540
 407.0      6.42619  0.000405000   0.00594700  0.000732000    0.0201640   0.00180000   0.00114900    0.0247340
 408.0      6.75686  0.000413000   0.00454600  0.000569000    0.0170870   0.00190400   0.00130800    0.0245000
 409.0      6.89851  0.000422000   0.00323800  0.000413000    0.0141150   0.00200700   0.00147000    0.0240360
 410.0      6.94798   0.00171800   0.00208700  0.000281000    0.0112550   0.00209400   0.00164500    0.0233310
 411.0      7.05732   0.00173900   0.00699100  0.000317000    0.0186430   0.00228800   0.00316700    0.0266360
 412.0      7.32104   0.00264100    0.0120560  0.000359000    0.0268730   0.00249300   0.00439600    0.0289800
 413.0      7.62038   0.00267300    0.0177020  0.000407000    0.0359730   0.00270000   0.00532400    0.0303100
 414.0      7.83825   0.00270600    0.0232230  0.000453000    0.0459840   0.00292800   0.00592000    0.0305880
 415.0      8.02084   0.00930400    0.0194060   0.00124100    0.0416240   0.00254900   0.00854300    0.0257990
 416.0      8.07934    0.0163150    0.0152250   0.00209100    0.0372310   0.00217600    0.0105710    0.0214600
 417.0      8.13443    0.0247400    0.0106800   0.00300000    0.0328530   0.00180500    0.0120170    0.0175740
 418.0      8.19413    0.0326550   0.00574900   0.00398000    0.0285420   0.00145800    0.0129170    0.0141220
 419.0      8.03087    0.0343430   0.00713900    0.0102700    0.0338710   0.00247800    0.0142220    0.0156320
 420.0      7.56384    0.0424520   0.00863500    0.0165700    0.0394540   0.00373300    0.0148170    0.0163490
 421.0      6.71555    0.0517830   0.00984000    0.0221850    0.0458730   0.00528700    0.0147700    0.0163500
 422.0      5.62239    0.0679780    0.0109310    0.0273580    0.0525440   0.00712100    0.0137210    0.0152250
 423.0      4.48237    0.0901380   0.00823700    0.0217380    0.0599450   0.00716000    0.0114560    0.0146390
 424.0      3.43517     0.134381   0.00574700    0.0166640    0.0670560   0.00718400   0.00942400    0.0138440
 425.0      2.52193     0.198226   0.00311600    0.0111700    0.0738190   0.00719000   0.00761300    0.0128570
 426.0      1.72294     0.299946  0.000570000   0.00597500    0.0801950   0.00718000   0.00602100    0.0117010
 427.0      1.10379     0.463451  0.000442000    0.0108830    0.0823840   0.00680700   0.00599400    0.0111510
 428.0     0.659141     0.714169  0.000302000    0.0154930    0.0844100   0.00636400   0.00585800    0.0104570
 429.0     0.383391      1.10892  0.000166000    0.0205060    0.0862760   0.00583200   0.00559600   0.00960900
 430.0     0.246116      1.69082  3.10000E-05    0.0249470    0.0879710   0.00524100   0.00519600   0.00859800
 431.0     0.159507      2.53591  3.20000E-05    0.0204270    0.0887600   0.00523500   0.00500200   0.00747300
 432.0     0.117349      3.68704  2.80000E-05    0.0154810    0.0893220   0.00521500   0.00471600   0.00641500
 433.0    0.0919870      5.05419  2.90000E-05    0.0101080    0.0896790   0.00518300   0.00433800   0.00541000
 434.0    0.0724360      6.53213  2.40000E-05   0.00428800    0.0897690   0.00513700   0.00386700   0.00444800
 435.0    0.0611120      7.83017  2.50000E-05   0.00718900    0.0911220   0.00714000   0.00301200   0.00391000
 436.0    0.0535760      8.90403  1.90000E-05    0.0104170    0.0921140   0.00899100   0.00228700   0.00340700
 437.0    0.0472760      9.73746  1.30000E-05    0.0135300    0.0927190    0.0107100   0.00167400   0.00292800
 438.0    0.0316690      10.4403  1.40000E-05    0.0171200    0.0929180    0.0122720   0.00116300   0.00246500
 439.0    0.0272430      11.3289  0.000104000    0.0688870    0.0858870    0.0135960   0.00123500   0.00190400
 440.0    0.0224940      12.1089  0.000252000    0.0872790    0.0780380    0.0147230   0.00126900   0.00138800
 441.0    0.0169870      12.4205  0.000251000    0.0487060    0.0709380    0.0158830   0.00128900  0.000949000
 442.0    0.0114270      12.5900  0.000320000    0.0105320    0.0632280    0.0167810   0.00127200  0.000564000
 443.0    0.0115270      12.7731  0.000191000   0.00834000    0.0620800    0.0141080   0.00120200  0.000506000
 444.0    0.0116150      12.9824  3.40000E-05   0.00644600    0.0609010    0.0113810   0.00114000  0.000453000
 445.0    0.0102610      13.2648  3.10000E-05   0.00384200    0.0596790   0.00858700   0.00107200  0.000400000
 446.0    0.0103710      13.4286  3.30000E-05   0.00180000    0.0584380   0.00575000   0.00101100  0.000352000
 447.0   0.00897900      13.3446  3.30000E-05   0.00167000    0.0608750   0.00577000   0.00105900  0.000600000
 448.0   0.00755900      12.9775  3.20000E-05   0.00149100    0.0633410   0.00580400   0.00109100  0.000820000
 449.0   0.00609600      12.3376  3.20000E-05   0.00136500    0.0658450   0.00582400   0.00111300   0.00101300
 450.0   0.00461300      11.5890  3.30000E-05   0.00131100    0.0683820   0.00585700   0.00113500   0.00118900
 451.0   0.00465600      10.7000  3.30000E-05   0.00117000    0.0586140   0.00568600  0.000999000   0.00121800
 452.0   0.00469300      9.55397  7.40000E-05   0.00124300    0.0486650   0.00552400  0.000870000   0.00124100
 453.0   0.00314800      8.03844  0.000133000  0.000996000    0.0385230   0.00534600  0.000748000   0.00125800
 454.0   0.00316400      6.26870  0.000141000  0.000984000    0.0281950   0.00516300  0.000632000   0.00127000
 455.0   0.00318800      4.54712  0.000149000   0.00103800    0.0324020   0.00698600  0.000681000   0.00119100
 456.0   0.00319500      3.03713  0.000159000   0.00103200    0.0366630   0.00884600  0.000723000   0.00111400
 457.0   0.00160000      1.96283  8.80000E-05   0.00113900    0.0409550    0.0107130  0.000757000   0.00103800
 458.0   0.00159800      1.25931  0.000106000   0.00126000    0.0453120    0.0126020  0.000784000  0.000963000
 459.0   0.00158600     0.816735  0.000255000   0.00152400    0.0580050    0.0125970  0.000684000  0.000930000
 460.0  0.000780000     0.552140  0.000673000   0.00201700    0.0707130    0.0127170  0.000597000  0.000909000
 461.0  0.000753000     0.382636   0.00118800   0.00261300    0.0817160    0.0126420  0.000506000  0.000875000
 462.0  0.000710000     0.258311   0.00202600   0.00371300    0.0930710    0.0127280  0.000425000  0.000853000
 463.0  0.000644000     0.172666   0.00488600   0.00537400    0.0833920    0.0145780  0.000412000  0.000764000
 464.0  0.000566000     0.115408   0.00863600   0.00664300    0.0736200    0.0164610  0.000403000  0.000688000
 465.0  0.000498000    0.0815750    0.0132370   0.00827300    0.0637120    0.0183510  0.000389000  0.000605000
 466.0  0.000446000    0.0526160    0.0188820   0.00944100    0.0537090    0.0202630  0.000380000  0.000534000
 467.0  0.000410000    0.0393570    0.0353690    0.0114430    0.0471630    0.0204840  0.000331000  0.000519000
 468.0  0.000366000    0.0278280    0.0478750    0.0136780    0.0404930    0.0207030  0.000289000  0.000511000
 469.0  0.000291000    0.0157010    0.0777980    0.0158230    0.0337110    0.0209100  0.000249000  0.000503000
 470.0  0.000188000   0.00638100     0.134993    0.0201710    0.0268180    0.0211340  0.000207000  0.000486000
